9982
9955
9843
9796
9745
9737
9723
9638
9635
9607
9542
952
9506
94274
94234
9369
93649
93099
92304
92293
92196
91851
91624
9121
9104
90865
9077
90527
90139
8996
8870
885
8842
8787
8622
858
857
85480
85462
84951
84940
84628
84457
84432
84417
84302
84290
84283
84189
8406
84056
83992
83987
83729
83716
83700
83699
83643
83539
83439
8324
8309
822
81706
80352
80332
80323
80221
80206
80031
79895
79875
79748
79745
79679
79633
79625
79611
79589
79027
7881
785
7732
7552
7447
7414
7356
730
7220
7205
7169
7078
7049
7047
7043
7041
70
6943
688
684
6769
6716
6649
6604
65989
65975
6591
6563
652
6518
650
6445
6442
642587
642273
64093
64073
63928
6387
6332
6330
6307
6277
6275
6038
60370
5988
594855
5947
59352
59342
59277
5919
58530
5836
58189
57713
57685
57616
57537
57481
57447
57402
5740
5732
5730
57144
57126
57094
56978
56977
56952
56265
56034
55885
55859
5579
55713
5549
55273
55244
55089
5507
5502
547
54511
54510
5446
54360
54102
53905
53836
53826
5355
5350
5348
53353
5334
53335
5308
5268
5241
5239
5179
5176
51700
5166
51435
51375
51309
51285
5121
51129
5104
50859
50853
4942
493861
4921
4920
4909
4810
481
477
4753
4744
4693
4681
4629
4585
4499
4477
443
4345
4246
4239
4233
4212
4211
4168
4163
4131
4118
4038
4013
401262
399959
399474
3959
3931
3914
390
389136
387923
3872
3866
3861
3860
3855
3852
3779
3777
3764
3760
375704
374907
374864
3678
360
348825
348093
3400
3399
3398
3397
3371
326624
3239
3236
316
3131
30846
3075
301
29995
29842
2950
2949
2947
2946
2944
2882
2878
2877
286527
285386
2852
284340
284
283
2824
2823
275
27151
27122
2669
26577
26548
26509
2635
2633
2625
26166
26137
26059
26033
25999
25984
25928
25927
25907
25849
25802
2564
253827
245
23767
23743
23650
23632
23584
2348
23452
23432
2318
23171
23148
231
23090
23043
23022
2295
22943
2294
22873
22824
22802
22795
2274
2273
2263
222584
222553
221895
221833
2202
2200
219348
217
2159
2119
2114
2047
2044
203859
203447
2014
1992
196475
192668
1908
1902
1825
1809
1807
1805
1803
178
168002
1675
167410
1674
1672
166336
163782
1593
158434
158399
1580
157869
1577
154661
152789
152
151887
151827
149428
1489
148741
146556
1465
145270
144423
143379
1410
140597
140578
140576
139728
137970
1368
136306
135932
1346
134548
132989
132884
1308
1307
1305
1297
1291
1288
127733
1271
1264
126393
125113
122786
122046
121601
120
119391
1191
117283
115290
113146
1128
11279
112476
112464
11227
11197
11170
11155
1114
11107
11096
11045
10979
10891
10763
1073
10630
10610
10602
105682749
10562
105377283
105371472
105371267
10518
10516
10418
10406
10279
10278
10253
10231
101928307
101926903
100861540
10085
100507171
100507098
100507008
100506834
100506119
100505881
100505851
10046
100379345
100144602
100130357
100128108
100127983
