logFC AveExpr t P.Value adj.P.Val B
ABI3 -1.15234988847934 3.98721751822284 -4.85369623048201 0.00115257212043878 0.0491984031052101 -0.588508515091548
ACOXL -2.75638627593196 4.61581665927469 -8.38038950465807 2.56368959477135e-05 0.00837194394004764 3.16559245449636
ACP3 -1.13834272823079 10.4787572606178 -6.70082952121878 0.000131272349519356 0.0191464852722043 1.58823964949175
ACSF2 -1.12011889917616 5.79568113936119 -6.05597070567438 0.000266534265212222 0.0259771269604267 0.885888477682613
ADA 1.88163834667811 4.26021066933175 5.82357825787108 0.000348399058037266 0.029094515481514 0.618098653626149
ADAMTS9-AS1 -2.64009816925733 2.66993750763242 -5.52101394897937 0.000499033949857297 0.0335188413469505 0.257299550887229
ADAP2 1.42381621198487 5.24447833368035 5.09991938274766 0.000840134416679324 0.0430532764832449 -0.26830900912705
ADRA2C -2.36149674874032 4.53948304587375 -4.87887783165405 0.00111544991123079 0.0488759218456737 -0.555323342843762
AGBL1 -4.7414118527394 4.64184773840933 -5.94176273406695 0.000303768847042169 0.0276776807887181 0.75528418418731
AGL -1.06114824948145 9.47619322704284 -6.41893679094304 0.000177811865760878 0.0211921261952836 1.28841159266378
AKAP5 1.31210082176579 2.77463528176414 4.84360344370384 0.00116782538326777 0.0492770842376277 -0.601837133653564
ALAD -1.65063926703952 7.10929490145533 -7.58813388454162 5.34910873101328e-05 0.0116214959169525 2.46372911424423
ALDH1L1-AS2 -1.73702932898374 2.72996592846388 -5.14285904513914 0.000795768997938453 0.0420186176962084 -0.21344443195599
ALDH3B2 2.61464539272741 4.49293158665356 5.56465054767923 0.00047347291293876 0.0323777853939794 0.310195519551116
ALDH4A1 -1.45406793820458 6.21698358527273 -5.00764278407447 0.000944862500351433 0.0452208713291887 -0.387192175148451
AMACR 2.91319066106609 4.75280826196965 5.0639795992819 0.000879340620634374 0.0437486786752572 -0.314452346318314
AMD1 -1.30485846581106 11.6362311262441 -5.74680345046254 0.000381219298321867 0.0303476752103022 0.527860561068726
AMT -1.34380847299348 7.12318863692653 -6.56357620060992 0.000151997528786516 0.0198787160264543 1.44362078067113
ANG -2.00946954098554 7.57429085249309 -6.47754702612218 0.000166811578139564 0.020519061135564 1.35165542414998
ANGPT1 -1.56437183035474 4.96789430829114 -4.89537346594377 0.00109183730998988 0.0483491523873865 -0.533638915627175
ANKRD65 -1.27497434981872 4.96394393325442 -5.6452705992872 0.000429932594503458 0.0311579881585344 0.407155811133954
ANLN 2.51254526172108 5.07830806406263 7.81267245859552 4.3169002195295e-05 0.0100727799702375 2.66988702563401
ANO4 -2.40060430652945 4.20694809743273 -10.3524449640482 5.13004062665359e-06 0.00424368315783594 4.63911459742997
ANXA2P1 -1.0276900456022 4.51449973945264 -5.44826515343857 0.000545066591858527 0.034939823214986 0.168462740560821
ANXA3 -1.86330521084459 10.0365798452437 -5.07406339535106 0.00086814314521917 0.043662699288038 -0.301485206751166
AOX1 -3.05240745185104 6.73721330013112 -6.96872517498974 9.92175311674548e-05 0.016688548770642 1.86321453918092
APLNR 2.45697201778372 3.26041393305724 7.21715877489585 7.70704249917705e-05 0.0146132532186669 2.1098406258868
APOBEC3B 2.15828631619879 4.3412410346145 5.55337134043905 0.000479939827123494 0.0327127613539697 0.296550946853889
APOC1 2.36222592506826 7.65222535264419 5.15573463413668 0.000782968125778645 0.0416590974473602 -0.197049502576564
APOE 2.07043444928845 4.85899526155455 5.04585932767917 0.000899859158909806 0.0441515985062003 -0.337794064446376
AQP3 -2.05305699698958 8.2737235563406 -8.16923685581225 3.1014203582687e-05 0.00887984043737731 2.98537586301384
ARHGAP28 2.45985644766819 4.84154023961001 4.93656080067972 0.00103521679285507 0.0468362617105818 -0.479682813389625
ARHGAP45 1.9099387704074 3.74555995946679 5.16365306498758 0.000775207150942416 0.0414576808902717 -0.186979602372764
ARMCX1 -3.03246364879329 8.57802533123064 -13.0853680919019 8.18534960676939e-07 0.00245400405580126 6.18638350861082
ASPA -1.11675603795437 2.5727141838473 -5.33207056135889 0.000628504286978473 0.0371141593291438 0.024874795707067
ASPDH 1.93955686101361 2.92986288594791 7.61376316024166 5.21850380068208e-05 0.0115789716777475 2.48756095010524
ASPM 2.77821817562195 2.76692527587948 9.52759288326795 9.71355798770349e-06 0.00450212619887848 4.06578539915579
ASPN 2.49590867682155 6.93247572800079 5.68514628704334 0.000410032723158593 0.0309127967665441 0.454747420221256
ATP1A2 -1.93419799644916 5.96337292557835 -4.82579238698769 0.00119528052078687 0.0494642179008965 -0.625397641140484
ATP2A1 -1.06687662422369 2.01529093429576 -5.98059661717403 0.000290503884955772 0.0270049068131808 0.799908857387353
ATRNL1 -2.00881084624595 3.48690836445542 -7.35176565261986 6.73957736353903e-05 0.0134447222808668 2.24020353618182
AURKA 1.88846127309481 4.43006551328786 5.79334402436793 0.00036093897699235 0.0294066571997244 0.582668298173208
AURKB 2.25505605764955 2.62351739115521 5.80704165414546 0.000355197529589191 0.0291667514749676 0.598737028003552
B3GNT8 -2.46569455429464 2.37190364734949 -10.0268292090366 6.56467338755847e-06 0.00434266825182724 4.41958396923371
BBS5 1.04176587526901 4.92884895466039 6.72135611608251 0.000128449714833029 0.0188667302976935 1.6096476466293
BCL11A -1.36400614831895 6.02394146590495 -5.72817137852548 0.000389685419053353 0.0304407070606583 0.505827261019459
BEST2 -1.96579703200885 2.95042702484064 -7.42705940574224 6.2574963760808e-05 0.0129220397936552 2.31214432941137
BICD1 1.81370567328312 6.0931554412389 7.97557843686353 3.70618331617279e-05 0.00973621730853632 2.81580188242042
BIRC5 2.45832773315083 4.28376987199296 6.57778537705454 0.000149693095095827 0.0198787160264543 1.45871205952849
BRI3BP 1.29753762916874 8.39837252924126 4.93874202800316 0.00103230853488382 0.0468062154610258 -0.4768328126887
BUB1B 1.59430250246751 5.89841298354964 4.8627340531189 0.00113909666901619 0.0490870645158483 -0.576586688206537
BZW2 1.64212204707191 9.45021550039947 6.04909036492844 0.000268629643358313 0.0260595742861597 0.878074614297326
C10orf82 -3.00912671878726 4.26039185543037 -5.26117905245646 0.000686196232827806 0.0384940771249134 -0.0637605320341423
C16orf74 -2.28673539077009 2.34136372689929 -9.04984701781008 1.43704559802612e-05 0.00592171550154961 3.70639914723557
C1D -1.05633414168031 9.67112235235907 -6.73973665204779 0.000125978864612718 0.0187681512801961 1.62876920166737
C1orf210 -1.24691725314219 5.86495708736709 -5.38898206317802 0.000586015433392097 0.0359296477532036 0.0954650202434859
C5orf46 1.61932616534107 2.39778564078582 5.76670060994003 0.000372400168243322 0.0298912406371132 0.551332042464775
CA14 -1.48861595637649 5.10127135236022 -6.17041065255637 0.000234188397344297 0.0241091702655613 1.01484391878613
CAMKK2 1.80880383374579 6.86164827790813 7.03586956579313 9.26094419510133e-05 0.0159632655435726 1.9306526641315
CARTPT -2.19720465254081 5.93792861393629 -5.46339775966713 0.000535121988022705 0.0345877784220773 0.187009066072877
CASTOR3 -1.18217217287375 4.91923068517121 -4.97193186016534 0.000989134457153797 0.0459984446687942 -0.433559219834765
CBX7 -1.21817264638367 7.98704512808114 -4.99681603788679 0.000958052738072586 0.045548554746665 -0.40122842113963
CCDC178 -2.23218605559846 3.88982709172196 -8.06265508645144 3.41945150679324e-05 0.00914352565092136 2.8925649851515
CCDC68 -3.0925235299511 4.98628912998418 -6.09551314971296 0.000254834298383282 0.0254309998152158 0.930661898855774
CCDC78 2.78941492136056 2.92799430246777 5.72094512980542 0.000393024142434807 0.0305869572341895 0.497267764107618
CCK -4.67973669961628 6.9821137918555 -5.84141380153809 0.000341226012751125 0.029094515481514 0.638935196066706
CCNB1 2.70910246071304 5.87654118282285 8.44993252859614 2.4098998674441e-05 0.00837194394004764 3.2239039496575
CCNE2 2.0067945002516 5.25029779250419 6.53380672128949 0.00015695320234901 0.0199608106182518 1.41191302441829
CD177 -3.88373278602063 7.96764522027592 -6.61027003863317 0.000144567913446565 0.0198787160264543 1.49310920691434
CD38 -4.05108898906142 7.25716049400587 -5.33054848488201 0.000629685854215529 0.0371141593291438 0.0229799749218111
CDC42EP5 -3.05315434700484 8.75679963498022 -5.62718488557808 0.000439304592679124 0.0314865150842216 0.385490772686722
CDC45 2.43776175731849 2.46242562660735 6.00368269107454 0.00028292012385659 0.0268221137421677 0.826331977222713
CDC6 2.00673085657922 5.03944762184522 10.1785944480726 5.84694723157556e-06 0.00430286723640345 4.52297194958724
CDCA3 2.22561706683991 5.09721565399315 5.22966646479018 0.000713674664887711 0.0391713486462184 -0.103412355641173
CDK1 3.00445504248451 5.20546289420087 7.9384975853243 3.83628574991205e-05 0.00973621730853632 2.78285414658674
CDKN3 2.72808781703511 5.42331250736889 7.56993147317985 5.44406149082484e-05 0.0117058546921787 2.4467556780906
CDT1 2.72307613826951 2.63768616855827 8.41719420099239 2.48098573812118e-05 0.00837194394004764 3.19651658500977
CENPE 3.40533655475215 4.10849131442734 5.18025585070031 0.000759205198853124 0.0409102355206975 -0.16589767958613
CENPI 1.41141924122751 2.20555436573129 4.87585055380595 0.00111984321927905 0.0489655556069249 -0.559307517269579
CENPK 2.21504606953602 5.1058505069634 5.32795124770742 0.000631707655072447 0.0371141593291438 0.0197458628097733
CENPM 3.44664216019603 4.32246809365955 12.8181371560141 9.63775942832393e-07 0.00245400405580126 6.05545609186348
CENPU 1.4601884844057 5.61804932927688 5.44353916851009 0.000548213575314997 0.034939823214986 0.162663386153418
CENPW 1.42019904542604 6.59405816501744 5.81488917145758 0.000351953333219021 0.0291297248847188 0.607930284413779
CEP55 2.47822896649695 4.94598071363127 5.89522844942546 0.000320546089679511 0.0281321457012022 0.701516624450328
CHRM1 -2.25816531826921 6.18358308096474 -5.41605948607329 0.000566909773966838 0.0354704501944494 0.128874071681264
CHST9 -3.57801206055823 5.58187122330805 -7.51364889135821 5.74965048962862e-05 0.0121166296214798 2.39402179131082
CIB4 -2.15797598665604 4.82915370277342 -4.97804621312325 0.000981396989504882 0.0459977460901198 -0.425606109564058
CKB -2.18544591836998 9.90253137201177 -5.97428218563035 0.000292616816405948 0.0270049068131808 0.792668004357225
CKS2 2.06364571581164 8.26404848069627 10.0075293124914 6.66276952862213e-06 0.00434266825182724 4.40630029865749
CLCA2 -2.15794152976615 3.51186006496401 -6.62802480985907 0.000141848596591547 0.0198787160264543 1.51184818479797
CLCA4 -4.14444164667637 2.72022141298426 -9.96002628816247 6.91123257102785e-06 0.00436810841617963 4.37347304832243
CLDN16 -2.1483101675229 2.63462653563573 -6.49621027822353 0.000163467663821727 0.0204822997213394 1.37169360250736
CLMN -1.0345018833346 7.06581585644483 -5.32428683286984 0.000634572250334294 0.0371777343405123 0.0151811022935968
CLSTN2 -4.69610839320749 5.49307053702193 -6.77346807156465 0.000121579544920609 0.0183752504957184 1.66374234332576
CNKSR3 2.30260418675691 4.96409490796947 6.22947541026641 0.000219201215729323 0.0234546845953777 1.0806586867124
COL10A1 4.08549602265802 5.545713483718 7.02161903619535 9.39702538115369e-05 0.0160650621618625 1.91638867566579
COL13A1 -1.11986643735036 4.94691535605901 -5.64012928199891 0.000432574364078346 0.0312186972719103 0.401002050494119
COL4A6 -2.51642496009624 4.24653656497153 -7.59896347524641 5.29348602465901e-05 0.0116214959169525 2.47380874981637
COL5A2 2.07135022261909 7.37211812911704 5.67681017266151 0.000414107973539561 0.0309127967665441 0.444818247130015
COL9A1 -2.53757103923445 2.27220711076954 -5.2779331376266 0.000672058430368055 0.0382981494048812 -0.0427422624111546
COMP 4.03117023358314 5.92110700848151 6.36420381028571 0.000188808514816991 0.0220326773521205 1.22891664167516
CORO6 -1.0804245452616 5.1765484541114 -5.41215987863317 0.000569618885552759 0.0354704501944494 0.124069604029578
CPAMD8 -2.19575134112533 6.83992508434843 -9.61677635789171 9.04542573369275e-06 0.00443380437615671 4.13057298379381
CPE -1.88432209986238 10.8611003701436 -6.2712813926566 0.00020923102580518 0.0234449843825328 1.12693960807608
CPLX3 -2.4744026239761 6.77279529388938 -4.98061795538035 0.000978162234015066 0.0459493912496672 -0.422262729960175
CPM -2.19162936861788 5.42482617717327 -5.32921628457218 0.000630722012607344 0.0371141593291438 0.0213212336137749
CPNE4 -1.66063417508808 8.2762867085093 -5.46427842184037 0.000534549383695537 0.0345877784220773 0.188087305484404
CRIP3 -1.72448803622924 2.82876353018484 -4.9909671858295 0.000965261600327272 0.045548554746665 -0.4088187899907
CRISPLD2 -1.27440783880229 5.2610348198841 -5.99368521185662 0.000286177290498325 0.0269195662865544 0.814899020172251
CSF2RA 1.62498835978436 3.54740485462172 5.67035925099513 0.000417292045594331 0.0309127967665441 0.437127291421087
CTHRC1 4.74974669211136 7.30865340681907 5.60831171314721 0.000449323567611739 0.0317363827898788 0.362829251375666
CTNNBIP1 -1.1042551878635 7.28149201912573 -4.86463315741183 0.00113628689649417 0.0490673619051324 -0.574083205971381
CTPS1 1.26627744827655 7.10059609046571 4.83563700949101 0.0011800198212144 0.0492770842376277 -0.612368985719151
CWH43 -3.25999407134475 8.83443640538053 -9.61027871096075 9.09233888084215e-06 0.00443380437615671 4.12587652182413
CYP39A1 -1.98170501757102 7.69601120601945 -5.59532018286776 0.000456365386784371 0.0318341567630823 0.347198371356296
CYP3A5 -3.56541131976624 4.95444292125148 -7.9462727507318 3.8085922489363e-05 0.00973621730853632 2.78977555838828
CYP3A7-CYP3A51P -3.96433427058534 3.94767911800287 -13.3959791615288 6.79569437715911e-07 0.00245400405580126 6.3337645710051
CYP4B1 -3.48292701710379 4.82998846464907 -4.92028728248882 0.00105719754951523 0.0472473449467993 -0.500969493038584
CYP4F2 -5.83196537684449 4.76658771915162 -7.34744642079006 6.76845106914233e-05 0.0134447222808668 2.23605547809353
DBN1 1.41372558650244 6.08635989740641 4.94054507519246 0.00102991121191653 0.0468062154610258 -0.474477509037445
DDX39A 1.07216203507081 8.57921013282998 5.12616853037743 0.000812703058523938 0.0422706924978398 -0.234735742517552
DEFB132 -4.43099956459732 6.14497703437575 -11.1245324485923 2.9343009241703e-06 0.00360004202208353 5.12689833734028
DEPDC1B 2.35776213338128 4.65928056192891 7.26075407497018 7.3778704378822e-05 0.0142481707150842 2.15230918287523
DHFR 1.32301033506462 7.63198993798764 5.82351009666372 0.000348426785882707 0.029094515481514 0.618018932276858
DIPK1B 1.63590736894082 4.38087124953437 4.86935425448237 0.00112933446704323 0.0490401744904149 -0.567862107953652
DLGAP5 4.32133207283238 3.90526390919948 9.79324265535478 7.86873718084755e-06 0.00441555575100799 4.25671199967865
DLX1 3.25373277179024 4.13853829621596 9.06071046581185 1.42403233792234e-05 0.00592171550154961 3.71480855475075
DLX2 2.09249732536482 2.92403184346347 5.83095834362742 0.000345411109710925 0.029094515481514 0.626726284811665
DMKN -3.03300466328211 5.24858636885163 -4.8205496956582 0.00120349480151997 0.0496072946152214 -0.632342186641584
DOK3 1.17109400482432 3.65701234674112 5.31697480689975 0.000640330758544709 0.0372829091656167 0.00606626674487831
DOK6 2.83419083899081 4.2008722374037 6.64977786846382 0.000138593415649066 0.0197989237684423 1.53474842368952
DPP10 -1.14624574329954 1.65666746637802 -5.28102910682504 0.000669480864201799 0.0382557873552244 -0.0388631144166451
DPP4 -2.61643643211426 9.51513258380905 -5.86199251219933 0.000333150188654842 0.0289521395198919 0.662917351417403
DPYS -2.97715343365735 4.66845547320427 -4.96381569953582 0.000999507745887503 0.0463260734577237 -0.444125225318448
DSC3 -3.01375358512757 5.03132906407067 -5.6701955115774 0.0004173732126918 0.0309127967665441 0.436931994790656
DTL 2.79564230754977 5.11639898736644 10.1038046881474 6.1890980050872e-06 0.00430286723640345 4.47225827026593
DUOXA1 -2.66906448619675 5.0074282763145 -5.24203680922896 0.00070274745596984 0.0387939313061097 -0.0878284326531702
DYNC2I2 1.19860738852145 7.02779947099414 5.95602607945131 0.000298821080451042 0.0274559968060237 0.771700338526401
E2F8 3.55605402735964 3.71159296342741 6.85673975544212 0.000111426788551697 0.0174544544642278 1.74942837175925
EDN3 -1.56595450649799 2.97320295902739 -6.55849647696976 0.000152830808965244 0.0198787160264543 1.43821896592733
EFS -2.54881609578971 6.64887454466068 -10.4888497915524 4.63582750046785e-06 0.00424368315783594 4.72856727164451
ENPP5 -1.75649209451296 8.87678038063467 -6.14144308405781 0.000241947199047837 0.0245624710918522 0.982381919261022
ENTPD3-AS1 -1.22750179710353 3.73685971487386 -5.20192562284948 0.000738858738459193 0.0402359705170846 -0.138446749045819
EPHA5 -1.76684723130642 3.31806862106558 -5.11839710498906 0.000820721447416954 0.0424758988307082 -0.244664303410096
EPHA5-AS1 -2.47050668828391 2.76440625245745 -5.39103758591746 0.000584540680392636 0.0359296477532036 0.0980051805036748
ESPL1 1.08773557449913 4.86851697957391 5.60068656677435 0.000453442109190386 0.0317363827898788 0.353658111939708
EXO1 3.21208372724847 3.0698388836774 7.88470810456947 4.03409074275424e-05 0.00973621730853632 2.73478293589559
EZH2 2.015804769496 6.35078703271413 8.09886983931758 3.30750885118241e-05 0.00899140355264337 2.92424136888777
FAM111B 2.44366393442436 3.88983181404294 8.97250650667464 1.53359921870864e-05 0.00615120748165502 3.64620158723537
FAM135A -3.5773592361595 6.49294961737189 -9.3762067872249 1.09769547385808e-05 0.00497709445614302 3.95418017863086
FAM182A -1.92284114818885 2.88092368040336 -5.47733462638603 0.000526138343331438 0.0345083881347918 0.204058641181668
FAM83D 1.4499405122291 6.29458920773749 5.90359844611093 0.000317454969556584 0.0281321457012022 0.711211371705402
FANCB 1.28945136496283 2.32629952917545 5.2948426792125 0.000658110957333237 0.0380227707398874 -0.0215733767038095
FAP 2.0708495120748 6.21724267406603 4.89328861878865 0.00109479145815488 0.0483772572939328 -0.536377199214082
FAXDC2 -1.16493539272958 6.38596827188548 -5.6233501501032 0.000441320336551577 0.0315226652721104 0.380890702758389
FEN1 1.28979410370973 7.33939086047706 6.55194826395437 0.000153912409698495 0.0198787160264543 1.43125030316865
FHAD1-AS1 -2.78155774206753 4.42636410225107 -4.94152415233849 0.0010286119707559 0.0468062154610258 -0.473198764085043
FHDC1 -2.09252032033264 7.38124023870559 -8.23584039488892 2.91938896847028e-05 0.00887984043737731 3.04274111578029
FKBP1B -2.11695814505748 6.67452700420601 -5.91243403627183 0.000314227322129036 0.0281065467049839 0.721434103575114
FLRT3 -2.30256467776747 6.58122805805447 -4.85318937224209 0.0011533329572704 0.0491984031052101 -0.589177494236427
FOXQ1 -2.53756113576324 7.34847661687331 -5.65962279682016 0.000422650962338964 0.0310395462024781 0.424312993562838
FPR3 2.03479625575771 4.94269504915839 4.83211292667084 0.00118545826081792 0.0492770842376277 -0.617031106849538
FXYD3 -1.41464797214028 9.77129836528486 -5.94142281723737 0.000303887850631272 0.0276776807887181 0.754892595325576
GAS1RR -2.06595335168001 4.73266658465958 -6.22530218167124 0.000220224788501396 0.0234546845953777 1.07602500845893
GATA3 -2.10456603865334 5.57898038848472 -4.95473953395967 0.00101124827777956 0.0465598351647864 -0.455953289558643
GCG -3.56664389254002 3.22586757188491 -6.86537374135842 0.000110428778612103 0.0174544544642278 1.75825996236488
GCH1 1.20877437889043 7.89833547083866 5.41201811040726 0.000569717639887834 0.0354704501944494 0.123894895714433
GGCT 1.26414461778506 10.9417632020611 5.66094549495536 0.000421986710467495 0.0310395462024781 0.42589262205579
GINS1 2.35754794720685 6.31352699682512 8.2869803237584 2.7876486598889e-05 0.00867790867153772 3.08646101086762
GLRX -1.4800118744799 9.14804494634499 -5.29817097096091 0.000655403053249411 0.0379715041156194 -0.0174119730534494
GPD1L -2.55401380700306 9.8811557765448 -10.3113790670682 5.2901070194052e-06 0.00424368315783594 4.61189766984041
GPER1 -1.62876677781019 4.03825443539141 -5.49341993561823 0.000515974163251114 0.0343697335519272 0.223699267233022
GPR19 1.95626362565738 2.49733155247987 10.8159298255812 3.65295183083959e-06 0.00400997980714849 4.93724984197638
GPRASP1 -1.8464523134858 7.80908790371488 -5.86530310595808 0.000331870666046806 0.0289521395198919 0.666769566789439
GPX2 -1.91403201343491 3.35121547199984 -5.03131157448918 0.000916709447771736 0.0446110420991751 -0.35657118675142
GRAMD1C -2.15199929042924 7.31449812727702 -5.62945878740461 0.000438114066352953 0.0314865150842216 0.388217439606709
GRM6 -1.23566248254034 3.94924667423495 -5.20252949134133 0.000738300324524683 0.0402359705170846 -0.137682830858121
GSTM2 -1.57434437261624 6.79846473258956 -5.05586430214722 0.000888466354857544 0.0439117127091559 -0.324899724652226
GSTO2 -2.828490786407 6.09072243567702 -8.32032256717462 2.70530977640242e-05 0.0085491887888523 3.11481388607007
GTF2A1L -1.20946902681109 3.04979705698564 -4.83592439264886 0.00117957752104105 0.0492770842376277 -0.611988883522661
GUCA1B -1.03424951925755 3.55216634568596 -5.34961436963439 0.000615058558064763 0.0367572388124836 0.0466889276384812
HEPACAM -1.74935910626585 2.97196003743827 -4.94905012414354 0.0010186842286236 0.0467215215125645 -0.463374342273551
HEY2 2.62915969220979 4.21926207031002 4.83409134364909 0.00118240178461288 0.0492770842376277 -0.614413555763083
HFE -1.16801506323188 4.63523942206548 -6.89340687880709 0.00010725574737849 0.0173413420393268 1.78686676084782
HGD -2.26978708864266 6.00608146254892 -6.23564774798243 0.000217696889853185 0.0234546845953777 1.08750746366329
HJURP 3.56340504909405 4.29350050558 5.5804984990249 0.000464546973502088 0.0319770832552245 0.329334015125937
HK2 1.25228748290681 7.85877911650767 4.97106752819471 0.000990233574161606 0.0459984446687942 -0.434683955267523
HLX 1.4776008692558 4.75711752261568 6.00486383293314 0.000282538003708925 0.0268221137421677 0.827681740465076
HMGCLL1 -1.5132371473842 2.17305886334395 -5.89551737272373 0.000320438839298674 0.0281321457012022 0.7018514503654
HMMR 2.69774422673103 5.05016780937761 7.06553920186583 8.98454525084913e-05 0.0157964625401441 1.96026619381833
HOXD10 -3.25777961313435 4.70303117617251 -8.39137048517698 2.53869872230749e-05 0.00837194394004764 3.174833924504
HOXD13 -2.5717634251564 4.67894938166902 -6.338826122031 0.000194159295234207 0.0222504418719772 1.20118766211784
HOXD9 -1.52660659010234 4.90228034417862 -5.46997145603735 0.000530863900436941 0.0345877784220773 0.195054688532826
HS3ST1 2.1679111430624 4.0146420795843 5.06830290083042 0.000874520710535813 0.043662699288038 -0.308890890226068
HSPA4L -1.94462613866678 5.57002774779477 -6.03121398096911 0.000274158819164061 0.0263508317571651 0.857740354788174
HSPC324 1.44536429042925 1.92371816428018 6.80766391660149 0.000117291832884011 0.0181211537663838 1.69904144767549
ID1 -2.54667098675133 9.88927098422824 -8.63691816865205 2.0447726640581e-05 0.0075064723765082 3.37818763246922
ID2 -1.82523829028634 9.1915466630277 -6.44880711167411 0.000172109096774796 0.020788577477875 1.32070336710838
ID3 -1.88523004097784 9.39688623019287 -5.23473748366355 0.00070917299215494 0.0390269685946585 -0.0970210900291173
ID4 -1.8171164714989 6.42736885345197 -6.57309062293877 0.000150450203739165 0.0198787160264543 1.4537289282198
IGF1R -1.890111056239 6.60310345808754 -5.46954242314813 0.000531140672698234 0.0345877784220773 0.194529793651427
IGHV3-47 2.42594714279745 4.28455526156672 6.47515514734123 0.000167245547923761 0.020519061135564 1.34908383212431
IGKC 3.15835711101452 4.78321677837087 5.13609232653576 0.000802587685879452 0.0422706924978398 -0.222071150956312
IGKV1OR2-108 5.32183919671223 4.83754842854735 8.09494193061036 3.31945185574886e-05 0.00899140355264337 2.92081272963808
IGLL3P 3.83093096711395 7.30575154003729 5.19238903101711 0.00074773879710103 0.0405361936228194 -0.150518495284824
IGLV2-14 3.48174065332698 6.83073040755826 5.38701690198358 0.000587429154904465 0.0359296477532036 0.093035913684572
IL5RA -1.58763036470544 3.33519776357712 -5.14608457383697 0.000792540925529908 0.0419543809232926 -0.209334814674193
INHBA 3.0108208296365 4.86622777928922 7.6156351922549 5.20910317777943e-05 0.0115789716777475 2.48929862743495
INHBE -2.24580754907062 2.76621419052703 -5.25175571961581 0.00069429030896343 0.038718751267514 -0.0756015114269957
ITGBL1 3.18672927141187 4.39600655443506 7.10728160193163 8.61096930317757e-05 0.0155911411243327 2.00173797715503
JAKMIP1 -3.8914769706473 6.23959993490513 -8.19523342984613 3.02891495694095e-05 0.00887984043737731 3.0078240934671
KCNK3 -1.94067560140363 5.2977128316277 -8.16523056808847 3.11276408307083e-05 0.00887984043737731 2.98190983094137
KHDC3L -1.31680744493383 1.98590181332908 -6.39243617614225 0.000183045631905733 0.021691203495885 1.25965796193655
KIAA0319 -3.28305393912677 2.9799763401006 -6.08313178499255 0.000258435951886935 0.0256658192511737 0.916667174302509
KIF14 2.39150902731235 4.11425187111919 6.60238160918112 0.000145794480196131 0.0198787160264543 1.48476965862582
KIF18B 1.9191068084229 5.16783989551983 9.61037247785095 9.09165996192721e-06 0.00443380437615671 4.12594432245408
KIF1A -1.37654181919627 4.23004333322236 -5.04193230653697 0.000904374269584332 0.0441745530227644 -0.342859482389796
KIF20A 3.86000094428036 4.33571495261215 5.60649757634743 0.000450299707285217 0.0317363827898788 0.360648104737137
KIF23 3.14504402860313 3.06382260942427 5.5890018735822 0.000459833666778033 0.0318629594285363 0.339587115434791
KIF4A 2.55590720166351 4.67520931915971 6.72385816391166 0.000128110252642416 0.0188667302976935 1.61225324235767
KIF9 1.28544602008001 6.14522832544117 5.83209759345456 0.000344952373005795 0.029094515481514 0.628057389089356
KLF8 -1.58329961341074 4.31117657464425 -5.71377049577431 0.000396370029493122 0.0306188507597705 0.488761590559863
KLK12 2.23826210243755 6.42515564891094 5.28731606617479 0.000664279739442423 0.0382557873552244 -0.0309903612389881
KNL1 1.21153175540639 2.82312630555669 6.33071463155693 0.000195904564827822 0.0222882100594117 1.19230540511296
KPNA2 1.01469081460765 8.95287112690885 5.00546797903058 0.000947496132584851 0.0452218005430715 -0.390010203082487
KRBOX1 -1.13499706235659 5.29368522912577 -5.35628974846334 0.000610025213927225 0.0365611950772418 0.0549765870545427
KRT14 -4.11935017705245 5.93036981230357 -5.27321490174993 0.000676007464609723 0.0383681023142511 -0.048656933697858
KRT15 -5.79285450666766 7.07565546707114 -5.37887046769115 0.000593329476106577 0.0360877351533407 0.082959838243803
KRT5 -3.47853606396422 7.07969375489647 -5.02873700589997 0.000919727098942576 0.0446110420991751 -0.359897708360669
LBH 2.08791740080633 9.19392620461739 7.51335611165284 5.75128893190057e-05 0.0121166296214798 2.39374647503978
LDAH -2.21321302022648 5.95269466521593 -6.87321883260177 0.000109530498789924 0.0174544544642278 1.76627605161121
LDHD -2.22126192884568 3.93463373861145 -6.3273843194111 0.000196626103990591 0.0222882100594117 1.18865594122687
LIN7A 1.84437025725523 3.59368263165568 5.37288743100647 0.000597704090692818 0.0360877351533407 0.0755530442022225
LINC00293 -2.21033505857879 2.06286219747342 -6.69165728538821 0.000132555666272314 0.0191993995239004 1.57865515064703
LINC00844 -5.48853179691776 8.24797432998956 -18.3075436793364 5.54958101024083e-08 0.00115747611130593 8.11914655167777
LINC01018 -2.28209966544544 4.74250606136573 -5.28223508264957 0.000668479742218944 0.0382557873552244 -0.0373524708876483
LINC01088 2.32592920562543 8.4732285868251 5.78237919485461 0.000365608244175262 0.0296711717850717 0.569785108518211
LINC01730 1.99354077814223 1.90384494747494 8.70412042338785 1.92890009778721e-05 0.00731473987991777 3.43275992583186
LINC01806 -2.39096558980656 3.95156404671797 -6.49321226676041 0.000163999810781209 0.0204822997213394 1.36847799103472
LINC02297 -3.60287150381985 5.42129231609263 -6.21545707828484 0.000222660380202559 0.0234546845953777 1.06508374645618
LINC02562 -3.53707821555218 5.96763617642376 -5.54213182918649 0.000486480175624134 0.0330505440488357 0.28293498696449
LINC02777 -1.71720582134773 3.5223392400627 -9.06410621276962 1.41999147367622e-05 0.00592171550154961 3.71743488762068
LMAN1L -3.67464041224307 4.56618232912996 -7.41117373371292 6.35594494034003e-05 0.0129966611392816 2.29702399355846
LMNB1 2.59744625547733 6.7013659936971 8.19868003480782 3.01944405056938e-05 0.00887984043737731 3.01079472144592
LMNB2 1.00255804122945 5.64796092478305 5.68498904657892 0.000410109185358655 0.0309127967665441 0.454560228183726
LOC100505851 -2.35734088778347 2.43343473835235 -4.83174133789942 0.00118603328797474 0.0492770842376277 -0.617522807244189
LOC101060553 1.58386891840459 1.64108704731785 4.99361512478551 0.000961990665966573 0.045548554746665 -0.405381750854001
LOC101926907 -1.76210640771154 5.50612931622188 -4.99215176951492 0.000963796820503008 0.045548554746665 -0.407281057561034
LOC101927499 -2.43869009458531 2.94191064461024 -7.80543566319707 4.34650331937181e-05 0.0100727799702375 2.66333447900203
LOC101928475 -1.65662057442232 1.26571834642129 -5.13404410571793 0.000804664163499989 0.0422706924978398 -0.224683792355386
LOC101928985 1.68572560076706 2.67880747486143 6.07490935786468 0.000260858662016054 0.0256658192511737 0.907360964902892
LOC101929114 -1.32625797800089 3.56496099445387 -4.95846958669352 0.00100640519915753 0.0464393655726297 -0.451090713509307
LOC105371472 -2.60901565324228 4.53304107776773 -8.92081866380543 1.60213563830699e-05 0.00630485717135263 3.60564753317256
LOC105375771 -3.19621609767916 3.5088130033571 -9.75536253050179 8.1062119810553e-06 0.00441555575100799 4.22986266855848
LOC283038 1.54888945637395 1.25613888213137 8.63318044547139 2.05144040591153e-05 0.0075064723765082 3.3751388881717
LPCAT1 1.29415488923072 7.8374324663138 7.17160382349188 8.06843343583148e-05 0.0149857062154061 2.06520728372213
LRP4 -1.7748398851425 5.14154718578484 -6.02456239783629 0.000276247940619571 0.0264298316399192 0.850162263777006
LSAMP-AS1 -2.29844331171499 3.77261819530456 -5.06065201077081 0.00088307013100078 0.0437486786752572 -0.318734926967206
LY6G6D -2.83595065488486 3.56160416411341 -5.51974169082476 0.000499801489135619 0.0335188413469505 0.255752941610359
LY6K -1.71280258203817 2.37896271199584 -5.68461176369928 0.000410292712475598 0.0309127967665441 0.454111064178417
MAK 1.91978578310366 3.34714622395081 5.26989095926082 0.00067880470604395 0.0383681023142511 -0.052825836859892
MAML2 -1.2144936193194 6.60554712986024 -5.09152508142835 0.00084911825390807 0.043195266882343 -0.279068347089686
MAPK7 1.33833515652875 4.31641257649417 5.83636325139628 0.000343240660111917 0.029094515481514 0.633039676013391
MCM10 2.41376596489207 3.07975940532267 5.04561180515156 0.000900143023659308 0.0441515985062003 -0.338113269212882
MCM5 1.64888927678582 4.47384158203985 5.01367996833598 0.00093759326313132 0.0452208713291887 -0.379373325899177
MCM7 1.21846916337362 7.21228052100543 5.49109036294946 0.00051743282041066 0.0343697335519272 0.220857260933511
MEGF6 -1.65081232321033 4.92678858388339 -6.7609551831538 0.000123191432276936 0.0184849187266191 1.65078664799734
MELK 3.43402049929557 5.74137327607105 7.89838251466963 3.98275581776751e-05 0.00973621730853632 2.7470348739744
MEX3A 1.98985286221437 4.87758492315371 5.75235029909594 0.000378737963202684 0.0302656616801471 0.534409846141842
MICAL2 1.53020080144149 5.5176929459823 8.72410313439817 1.89586450989725e-05 0.00731473987991777 3.44889888218271
MIR205HG -3.53524428477759 5.44113714370202 -6.56709558421239 0.000151423141041109 0.0198787160264543 1.44736123491081
MKI67 1.82253667191956 4.38685769608672 8.55664716700116 2.19341213740739e-05 0.00775389778811967 3.31239826754867
MMP10 2.54646449254852 5.2177362251566 5.44166302198278 0.00054946838061636 0.034939823214986 0.160360170579129
MRPL12 1.95468988420557 5.98007574254102 5.28423863736251 0.00066682013057616 0.0382557873552244 -0.0348432563087933
MRPL15 1.08415678815505 9.40924691148992 6.1289959725586 0.000245367437821477 0.0247228437229108 0.968395949087298
MRPL45P2 -1.66810536522239 2.04081110726067 -5.11194403069426 0.000827445069298845 0.0426123995317679 -0.252915779402232
MSMO1 -1.30558124830695 10.2949904501183 -6.25464424828977 0.000213137787508823 0.0234546845953777 1.1085515731711
MTFR2 1.63798130570508 3.25544122724202 6.98123823071062 9.79476207892293e-05 0.0166088904617964 1.87582675073288
MTHFD2 1.679537662969 6.6168360463771 5.06782298060127 0.000875054336788602 0.043662699288038 -0.309508110323999
MUC3B -1.67661000769215 5.73646810866274 -5.74102749442017 0.000383822058578064 0.030367958480541 0.521035829014621
MUC4 -2.26458567493715 3.02961126064209 -5.02938344019632 0.000918968398808626 0.0446110420991751 -0.359062372293078
MYC 3.30298148777947 8.21984259129287 7.86970014905482 4.09127652137431e-05 0.00973621730853632 2.7213115814117
MYOF -1.71291365832981 7.20482994350693 -6.13905937990195 0.00024259812268886 0.0245624710918522 0.979705252778234
NBL1 -1.71510277918342 9.22894030966192 -10.4628963637735 4.72562412988288e-06 0.00424368315783594 4.71165913536097
NCAPG 2.76114318067644 4.8051434422859 5.91842050406269 0.000312060917250502 0.0281065467049839 0.728353825196363
NCAPG2 1.15397439982081 5.96205215056579 6.21979770867093 0.000221582917712798 0.0234546845953777 1.06990938058666
NCAPH 2.86104649989604 3.05014868139939 4.89725853672411 0.00108917368958208 0.0483338205183266 -0.531163611481815
NDRG2 -2.28243761407202 6.32605881099049 -9.75042589929569 8.1377428570513e-06 0.00441555575100799 4.22635449534697
NEFH -6.90447987856873 8.569305146281 -11.2675694419144 2.65582117458521e-06 0.00360004202208353 5.21250268051514
NKX2-3 3.2789028401223 2.65463376423217 6.44390475010932 0.000173031076864698 0.020788577477875 1.31541215581096
NLRP9 -1.73743025401308 5.46360096889598 -5.41437137300746 0.000568080798490552 0.0354704501944494 0.126794539934089
NOL3 -1.00540895449098 7.00533049708104 -5.27106507976822 0.000677815193478114 0.0383681023142511 -0.051353052827511
NOX4 3.22604619553053 3.47715939746636 5.04489773070163 0.000900962487415527 0.0441515985062003 -0.339034192783919
NPNT 1.79525575524993 7.11022439470387 4.82863890784173 0.00119084607573823 0.0493786811166445 -0.621628907960064
NRG2 -1.54430671771409 2.58108097071305 -6.9300622580061 0.000103257473228773 0.0168677620101605 1.82411606535697
NRXN1 -1.77413112556831 3.08200980421805 -5.1318409331492 0.000806904264183833 0.0422706924978398 -0.22749481981343
NTF4 -3.65191407499526 3.08603280207624 -10.1068044124129 6.17495366497475e-06 0.00430286723640345 4.47430111917194
NTM 1.75385052294135 3.98753086878016 5.91641958819372 0.000312783188282771 0.0281065467049839 0.72604157080534
NUDT1 2.45841130271439 4.40451773064965 5.56711489313132 0.00047207270559809 0.0323777853939794 0.313174068074084
NUF2 3.05705219216997 4.15076116182851 8.10283481772134 3.29550138417083e-05 0.00899140355264337 2.92770063445543
NUSAP1 3.74531236553096 5.4323268595974 12.6663789248231 1.05892681124857e-06 0.00245400405580126 5.97934555963745
OAT -1.33070737713893 10.256611681389 -5.09230192854458 0.000848282472950125 0.043195266882343 -0.278072163893523
OCLN 1.53410003730154 7.249683421058 6.19195974183392 0.000228593890443282 0.0238389138648776 1.03891388128449
ODAM -2.74392570116237 4.72644063756249 -13.2826486471583 7.26966753455894e-07 0.00245400405580126 6.28057605755427
ODC1 1.28424988983206 11.9047266302627 5.0084163493779 0.000943927653350431 0.0452208713291887 -0.386189998669863
OIP5 2.03191698013797 5.07566538825517 5.42247271664335 0.000562484963436243 0.0354704501944494 0.13677030075153
OLR1 1.39648146744724 4.96867530126855 6.09955639759995 0.000253670110120062 0.0254309998152158 0.935227165528498
OR51E1 3.71258446652429 8.9610945574832 5.36199167046997 0.000605761465554651 0.0364102792134679 0.0620501909562678
P2RY1 -2.33079148889795 6.38689646136798 -12.0597939713204 1.55914335599749e-06 0.00270992108133663 5.66179300008818
PAGR1 -1.00181658868267 7.13255194881968 -4.82365583563861 0.00119862071417324 0.0495042222485374 -0.628227226637263
PAK6-AS1 -2.11811811722581 3.43414300672878 -4.85309507162368 0.00115347457057332 0.0491984031052101 -0.589301961793209
PALS2 1.35644873513052 5.59624757440375 6.22867513525088 0.00021939709431901 0.0234546845953777 1.07977030770169
PBK 4.55772374231041 5.10402323888214 11.7197127786496 1.95191402568104e-06 0.00297225600946403 5.47393444030736
PCLAF 1.80444668820386 6.80376781768494 10.3590731821047 5.10471385490733e-06 0.00424368315783594 4.64349502833353
PDE8B -2.49519502380414 6.19343181086687 -12.0812735662641 1.53747070731497e-06 0.00270992108133663 5.67341472917226
PGAP4 -1.75659905620791 5.6373638796224 -6.61402850945626 0.00014398751176069 0.0198787160264543 1.49707961885964
PHYHIPL -1.40159131665821 4.78084679410288 -5.39429817117531 0.000582209650086837 0.0359264694433762 0.102033181027712
PIMREG 2.31188234365402 4.33027335690918 11.1520141273129 2.87836631460335e-06 0.00360004202208353 5.14345660909222
PKDCC 1.4304395053441 6.22642137920294 6.54900385904971 0.000154401495722568 0.0198787160264543 1.42811491615028
PLD5 -2.23741820069268 3.22972400526755 -4.93888708354131 0.00103211544559972 0.0468062154610258 -0.476643309072644
PLEK2 -1.25390688025916 6.83328384174309 -6.34101031361653 0.000193692270750395 0.0222504418719772 1.2035778063094
PON3 -1.49567776352818 4.15866126651213 -6.92762710139498 0.000103517933418063 0.0168677620101605 1.82164692508552
POPDC3 2.51210238710403 4.09054662502628 4.97427301821665 0.000986164008451682 0.0459984446687942 -0.430513314877873
PPAT 1.11086156968689 6.81369828318997 6.85062459489126 0.000112139660459631 0.0174544544642278 1.74316728240679
PPIF 1.18471622291454 7.38999302458115 5.09756760151255 0.000842640884532319 0.0430758846291436 -0.271322272529801
PPP1R14B 1.78368586550292 8.08266510882521 6.52190564738437 0.000158983893971261 0.0200965277367187 1.39920283037435
PRC1 2.3405669232012 6.01158685373312 10.1380611772857 6.02969136690268e-06 0.00430286723640345 4.49554358447488
PRICKLE2-AS3 1.71311534803916 1.54191835739941 7.86752415403977 4.09964208258232e-05 0.00973621730853632 2.71935623784353
PRKG2 -1.70396188105139 5.45848767182074 -5.42073579068225 0.00056367961966318 0.0354704501944494 0.134632355843415
PRR16 4.08094457574098 5.91626779329733 6.36284938078249 0.000189089957617566 0.0220326773521205 1.22743902103289
PRRT2 -2.60730488655178 6.34599750051729 -6.9426340444301 0.000101924263169234 0.0168677620101605 1.83685093330032
PTGDS -1.88561236149324 8.85940807178022 -9.07566977291281 1.40632628479135e-05 0.00592171550154961 3.72637008380759
PTTG1 2.34753170808098 7.13964225046783 5.65553328093214 0.000424711944071154 0.0310814632192704 0.419427417833162
PTX3 -2.03735962348074 4.28477629417719 -5.47942010654616 0.000524808284989051 0.0345083881347918 0.206607322723371
PYGL -1.49331099100293 7.10995556549707 -5.37357319618857 0.000597200897926331 0.0360877351533407 0.0764022798797797
RAB7B -1.60292956797975 4.13000510763564 -6.0704920366677 0.000262170497239187 0.0256717843235573 0.902357329560586
RACGAP1 2.1056587817143 6.91010801523795 8.36074403619488 2.60908259147095e-05 0.00837194394004764 3.14902712297347
RAD51AP1 1.76526583208873 6.66782482085548 5.97681193485635 0.000291768295778223 0.0270049068131808 0.795569611936003
RASL10A -1.47746361141048 3.82022986701221 -7.13408338311051 8.38015892672931e-05 0.0153320153276134 2.02824841289767
RFPL1 -3.94908921984452 2.73018930537725 -15.3568658903433 2.28517358848824e-07 0.00238309327675496 7.15764180018201
RMI1 1.05728413428931 8.20122654425876 5.61619410428379 0.000445109056390126 0.031684776754706 0.372300458622298
RMST -1.83532536626405 4.68279070518283 -4.93884775907943 0.00103216778810074 0.0468062154610258 -0.476694683052302
RNASE4 -1.97371834730714 10.0656941162736 -6.16864585232268 0.000234653189044875 0.0241091702655613 1.01286969774011
RNF128 -2.80103197587962 6.52081133447703 -7.06247110027834 9.01270097462315e-05 0.0157964625401441 1.95720915324585
RPP40 1.28905835710569 7.23283760762854 5.25221987046574 0.000693889202830433 0.038718751267514 -0.0750179534697679
RRM2 4.25859225593784 6.52851179705057 12.8435044381265 9.48820952112574e-07 0.00245400405580126 6.06805281572108
RUVBL1 1.68724291149103 7.72833450927499 6.61477680126208 0.000143872263399464 0.0198787160264543 1.49786987633684
SAC3D1 1.14140355221002 7.51447093656288 6.24603801371195 0.000215190124982882 0.0234546845953777 1.09902408596665
SBK1 1.04363837936222 5.66194061737455 5.1855097451592 0.00075421668062157 0.0407531018334821 -0.159235373980967
SCGB1D2 -5.17555064673671 5.17382414893301 -6.48682923629689 0.000165139160425821 0.0205018301726271 1.36162751076436
SCGB2A1 -4.09177031130575 5.83443020991952 -5.68160894767244 0.00041175662464192 0.0309127967665441 0.450535372020686
SCGB3A1 -2.78125692340472 4.70521406898895 -5.26321858410266 0.000684457977995451 0.0384940771249134 -0.0611995644075769
SCPEP1 -1.66628792519755 6.66933485002546 -5.60539703582362 0.000450893009809423 0.0317363827898788 0.359324673868215
SEC14L2 -1.95458532166064 5.74808244605036 -5.91878611184836 0.000311929141452997 0.0281065467049839 0.728776256602984
SEMA3E -1.53118342117738 4.82312474451811 -4.83720948358816 0.00117760188796585 0.0492770842376277 -0.610289339837166
SERP2 -1.11220673933164 3.0698344711712 -5.4794539433758 0.000524786735160145 0.0345083881347918 0.20664866944776
SFRP4 2.84100276820896 7.37042671717423 5.80365429379182 0.000356607990353439 0.0291677366854968 0.59476592763766
SGO2 1.09282070453616 5.7196540349859 4.87367173480771 0.00112301683672813 0.0490015944845997 -0.562175934596037
SH3BGRL2 -1.51704601123576 7.92284390528381 -5.37829229234234 0.000593750690798279 0.0360877351533407 0.0822443195046203
SHCBP1 2.62642461758412 4.30893040231668 6.44179681024628 0.000173429183542708 0.020788577477875 1.31313598376888
SHISA9 -2.82964544602615 4.00482872316872 -7.36049644231135 6.68162741594246e-05 0.0134447222808668 2.24858128280692
SHROOM1 -1.91583347463498 7.93929075116196 -6.26710881327085 0.000210203388767974 0.0234449843825328 1.1223316227563
SIDT1 -2.3062499845234 7.79158498038715 -6.8603893476955 0.00011100372075181 0.0174544544642278 1.75316269562907
SIGLEC6 -1.09002108893834 4.01477751941341 -4.97247453116763 0.000988445054113971 0.0459984446687942 -0.432853114544999
SIM2 2.17776734638632 5.08185473672315 6.79743071291116 0.000118557203943501 0.0181819676665412 1.68849447006289
SKA1 3.11177652875663 2.3566453339121 7.43568952564813 6.20472010310448e-05 0.0129220397936552 2.32034573701032
SKA3 1.51005943632544 5.2528070138038 5.41552360562984 0.000567281222179885 0.0354704501944494 0.128213985741689
SLC12A1 -1.55492496540847 2.7446326108454 -5.44181650943154 0.000549365607312337 0.034939823214986 0.160548616958512
SLC14A1 -4.88342366102671 7.95655633360119 -7.26558662298993 7.34234819382173e-05 0.0142481707150842 2.15700215739185
SLC15A3 3.07900352395637 3.7471146083813 5.73548065768067 0.000386339901028128 0.030367958480541 0.514477077354926
SLC16A5 -3.23629219930872 5.61880637243462 -10.9789278678007 3.25160921504298e-06 0.00376771185545286 5.03827442356644
SLC22A4 -2.24140831206339 6.59464162563474 -6.20735454308902 0.000224687084972116 0.02354923885057 1.0560686227368
SLC25A15 1.56647812556697 5.20759485944836 7.87395984554173 4.07495486052464e-05 0.00973621730853632 2.72513776441664
SLC2A5 -2.48044047230887 4.69912078396444 -5.52991685388544 0.000493698846172707 0.0333238732512108 0.268115326035405
SLC35F1 -1.5092353668486 5.66813007386632 -5.73338007476138 0.000387298123211579 0.030367958480541 0.511992069770418
SLC39A2 -5.31498000005258 4.79313269044468 -11.6870614299553 1.99508961655542e-06 0.00297225600946403 5.45550939765745
SLC52A3 -1.3965892035818 5.72058506695693 -6.2190070781734 0.000221778746223362 0.0234546845953777 1.06903060998145
SLC7A8 -1.69993403840649 5.29710719480164 -6.35713261629 0.000190282962654189 0.022048509733769 1.22119943789612
SNHG1 1.20642746092854 9.41422066746615 5.58546418642544 0.000461788175509206 0.0318924370085944 0.335322827850201
SNX10 1.72728487033904 6.83843275089347 5.46005927053715 0.000537298758630343 0.0345877784220773 0.182920497202749
SOWAHA -4.17225695759794 5.42385968561684 -10.6595110232462 4.09057747877353e-06 0.00424368315783594 4.83846028738465
SOX15 -1.81262984311257 4.27343916277735 -9.04079400923015 1.44799103696136e-05 0.00592171550154961 3.69938255857349
SOX21-AS1 -2.85272395212104 2.6218607876114 -6.15778194305415 0.000237536806411082 0.0242858096633134 1.00070670298412
SOX4 1.26874766077696 7.25098474557594 5.17039700791018 0.000768663373142617 0.0412133983898087 -0.178411053495985
SPC25 3.37445484611137 4.24306519951454 9.7320154249072 8.25654093538435e-06 0.00441555575100799 4.21325268871911
SPRY2 -1.13185340336603 7.70171044340845 -4.8165847410808 0.00120974779574946 0.0496687200313907 -0.637597092756695
SRD5A2 -2.84521042144778 5.29626741626891 -4.86665347701661 0.00113330604134727 0.0490401744904149 -0.571420555247627
SRGAP3 -1.37253264929788 3.83592787842228 -7.70024564128801 4.80315910112303e-05 0.0108890749317525 2.56740341806173
SRPX -1.91461460615757 6.5641856062998 -5.68575083229226 0.00040973889286064 0.0309127967665441 0.455467085884093
ST3GAL5 -1.52929264664291 4.95695789831011 -5.66901117533759 0.000417960813547751 0.0309127967665441 0.435519282203636
ST6GALNAC2 -2.11308438583412 5.11584886435048 -6.38730065333167 0.000184079350758577 0.021691203495885 1.25407441086416
ST8SIA1 -1.28168889666107 4.63982846355053 -6.54157943539746 0.000155642357059312 0.0199155376759882 1.4202036133064
STAMBPL1 1.34428756075771 4.31517746339203 4.96204120508319 0.00100179145066225 0.0463289673757484 -0.446436727963547
STK36 1.34200835952807 7.17684898376115 5.7373096187587 0.000385507698560116 0.030367958480541 0.516640211114805
STMN2 2.80308972863029 3.25720352993269 5.50875505161777 0.000506483551850473 0.0338581007722606 0.242386775802752
STOML3 -1.39528168481121 2.83207097630997 -5.2099412246761 0.0007314838308181 0.0400434599983546 -0.128311336342828
STRC -1.29920943977035 3.02508198125591 -5.71388003454738 0.000396318712308567 0.0306188507597705 0.488891517177043
SULF1 2.43643204192746 7.75476089368615 6.93574579233299 0.000102652379695332 0.0168677620101605 1.82987589115291
SVOPL -2.17023591974265 2.79070634608586 -6.44223405282333 0.000173346522906168 0.020788577477875 1.31360817322607
SYT16 -3.3932032479657 5.04145281496616 -8.36617992632595 2.59643386539941e-05 0.00837194394004764 3.15361484469258
SYTL1 -1.26527741470739 8.57596272910271 -7.90581520338298 3.9551564989862e-05 0.00973621730853632 2.75368543525834
TCEAL2 -3.26455627064744 7.81666006860635 -7.19394073649377 7.88894782743831e-05 0.0148234040393586 2.0871250719549
TDP2 -1.62972402243838 10.9880424217021 -7.09126746138244 8.75222269854388e-05 0.0156021460532931 1.98585408172459
TESK2 -1.41098571608101 8.54279086367755 -5.37157959627323 0.000598665021961733 0.0360877351533407 0.073933249663968
TEX26 -1.94826625959231 2.73521434138453 -5.24698075885119 0.000698431406653503 0.0387425102355641 -0.0816068291651781
TFF3 3.84510890127878 7.72824778063417 9.56771553295479 9.40641622952424e-06 0.00445885507498152 4.09501989155959
TGM4 -6.21755423661307 7.34828766565587 -7.16540687472985 8.11902384015384e-05 0.0149857062154061 2.05911541384247
THBS2 3.51902688550908 6.75999481571898 8.17938274584363 3.07289677872485e-05 0.00887984043737731 2.99414570143178
TIMP4 -3.80763147838988 4.90894358660381 -5.46040925762746 0.000537070105806505 0.0345877784220773 0.183349198867276
TMC7 -1.42763678252313 3.67728959567354 -5.83380673379352 0.000344265412680731 0.029094515481514 0.630053991408261
TMEM141 -1.27063326923017 9.52128473070315 -5.48243731803773 0.000522890494358849 0.0345083881347918 0.21029349351091
TMEM190 1.42602559020372 2.19320836351664 5.24741101887678 0.000698057160654016 0.0387425102355641 -0.0810655586571647
TMEM198B -1.38102392449024 6.19084564875517 -7.04626474433349 9.16305025417524e-05 0.0159261449292778 1.94104110548931
TMEM201 1.57496606057339 4.56896560960406 5.67629869102843 0.000414359459590913 0.0309127967665441 0.444208676184654
TMEM79 -1.42382539128746 8.06720242178569 -6.27040581171938 0.00020943465746774 0.0234449843825328 1.12597286695131
TMTC4 1.09016487978219 7.19198808322327 5.99261193535112 0.000286529400950045 0.0269195662865544 0.813670763571045
TNFRSF17 3.42151785817474 2.60083555544124 7.86537796532226 4.10791160354412e-05 0.00973621730853632 2.7174271468717
TOP2A 3.29029808575576 3.8769956734329 6.24896012336517 0.000214490861551133 0.0234546845953777 1.10226018091418
TPX2 4.92828297160117 4.11058792257969 12.08761612126 1.53113553181499e-06 0.00270992108133663 5.67684098918116
TREM2 3.0335043408596 4.34055649199151 5.53830915963233 0.000488726770805234 0.0330953709697557 0.278299645579392
TRIB1 1.73901883861493 5.19211513385128 5.31713891600053 0.00064020089243682 0.0372829091656167 0.00627092892687653
TRIM29 -1.73445460941171 4.28907853764642 -6.56595060940073 0.00015160974616569 0.0198787160264543 1.44614452544489
TRIP13 2.75170051746985 5.71114967317344 8.15200474820791 3.15054030956475e-05 0.00887984043737731 2.97045504757529
TRPM4 2.69504528518048 9.03432961525191 14.1566717810212 4.37942157311716e-07 0.00245400405580126 6.67418071895483
TTC22 -1.44234045808564 2.6951175848511 -5.90939196634567 0.000315334512584084 0.0281065467049839 0.717915753917993
TTR -3.06436090170845 3.88743129958326 -7.10040695809766 8.67129678488083e-05 0.0155911411243327 1.99492326886061
TUBB 1.03543721980766 9.95054263327662 4.92255344694479 0.00105410646240801 0.0472473449467993 -0.498002724219395
TWIST1 1.96046760693444 6.83493817936167 6.23747588505673 0.000217253515516041 0.0234546845953777 1.08953490142509
TYMS 1.62559983712915 5.36569939931991 6.78124631465259 0.000120589288799891 0.0183586189525498 1.67178527114137
UBE2C 2.27893843663387 6.71854545761751 7.72832391978155 4.67628031377614e-05 0.0107179317037834 2.59313649321806
UBE2T 3.24720590594806 5.46669109244785 5.70337372289597 0.000401274028852153 0.0307697515432697 0.476421454976662
UHRF1 3.46744767891682 5.96488349500279 9.90684118376363 7.20171498910835e-06 0.00441555575100799 4.33649504400319
UNC5D -4.20801757855605 6.17164423387757 -9.60357985189814 9.14098806994e-06 0.00443380437615671 4.12103072826266
USP29 -1.51324331194525 2.26780391185249 -6.56190804808605 0.000152270620408164 0.0198787160264543 1.44184724716608
VAX2 1.68471033747473 3.29422308870685 5.32981729497862 0.000630254328727735 0.0371141593291438 0.0220695942997642
VCAN 3.19707208021864 6.68285704770309 7.24957545436356 7.46076985691527e-05 0.0142760804500625 2.1414422178498
VEPH1 -1.10701520362218 2.76024634390679 -5.76947777825239 0.000371187102300143 0.0298912406371132 0.554603355384362
VGLL3 -2.05939134810187 7.93719407775007 -4.89007752052084 0.00109935845679167 0.0484763622268583 -0.540596063491696
VN1R10P -1.66548909329871 1.61188536230471 -5.14921426841691 0.000789422392389816 0.0418956306312326 -0.205348858623183
VSIG2 -3.93858654009959 6.11983337990761 -8.57530223142982 2.15782858749205e-05 0.00775389778811967 3.32774685812314
VSNL1 -2.75388845713131 5.14315898579431 -6.18258701286549 0.000231008960859033 0.023970914908641 1.02845293644619
VSTM2L 1.89402823737458 6.20537824650941 5.24165909525524 0.000703078392564101 0.0387939313061097 -0.0883039154615108
WDHD1 1.47437297988978 3.52246949961157 5.26074089129387 0.000686570297284737 0.0384940771249134 -0.0643108002374344
WNT10A -1.04478816336022 2.15842734948086 -4.86776602220095 0.00113166817645291 0.0490401744904149 -0.569954566721584
XK -2.53721312098075 5.20845629498472 -4.84229125635128 0.00116982453870366 0.0492770842376277 -0.603571196032508
ZDHHC15 -1.29513618555517 3.94725843914443 -4.91161150474886 0.00106912279689366 0.0475451901381899 -0.512334932578011
ZFAS1 1.02699435737181 10.0477860144647 4.85400512743051 0.00115210870737604 0.0491984031052101 -0.588100835871032
ZFP69B 1.40086261435955 4.25038780140353 5.07826121328061 0.000863527540857763 0.043662699288038 -0.296091782733234
ZIC2 4.41204368065449 3.47378986810868 5.8939612256668 0.000321016957227124 0.0281321457012022 0.700047924121671
ZNF334 -2.48636049601896 4.81110865904479 -4.99233452767482 0.000963571048838006 0.045548554746665 -0.407043835097134
ZNF367 2.17132554999313 5.46654247933364 9.81723823085435 7.72231213708268e-06 0.00441555575100799 4.27365627392427
ZNF382 1.35366449079046 4.82252126545326 5.98381294516065 0.00028943407773728 0.0270049068131808 0.803594807856322
ZNF503-AS1 -2.2082467568637 5.02172775526047 -5.00727400201461 0.000945308524693211 0.0452208713291887 -0.387669976232226
ZNF516 -1.35121073262895 6.01114028496795 -4.83746561895587 0.00117720854795254 0.0492770842376277 -0.609950629673801
ZNF563 -1.25651186435981 6.12320731435315 -5.83227564154037 0.000344880739513409 0.029094515481514 0.628265403661928
ZNF627 -1.06345159137691 5.5900485494033 -6.66559191815101 0.000136278620780753 0.0196025047836149 1.55135599553056
ZNF655 -1.76984866442601 6.88115744934718 -4.85650505386544 0.00114836570448742 0.0491984031052101 -0.584802009244198
ZNF702P -1.92337963781239 6.67858632373189 -10.4208506314096 4.87523604579912e-06 0.00424368315783594 4.68415603825027
ZNF750 -3.33006267323868 5.43785472345176 -6.57441482481232 0.000150236227764888 0.0198787160264543 1.4551347765585
ZNF765 -1.09352223780718 5.82271596234959 -5.11429572724713 0.000824987856312051 0.0425910191066843 -0.249907933464027
ZNF813 -1.15993338512601 7.36117565663712 -5.16160778959692 0.000777203696511259 0.0414581521691441 -0.18957964566873
ZWILCH 1.36891233192299 6.54173602794656 7.26423026543839 7.35229916178953e-05 0.0142481707150842 2.15568526908525
ZWINT 2.00358297593683 7.61292623751698 5.81934066740801 0.000350127508401888 0.029094515481514 0.613141043872672
